$ANSIBLE_VAULT;1.1;AES256
33396230643132346561376138643838663238363064316334616563336636326533663236633634
3831306565623862376562376535623638353561636362660a643262363063616530636462653764
30663234636630383830656130646137353662646261646162303338333232313832653730373136
6233656366326139330a323136303138323237383066323837323563643232653462376637356165
32643135656234613536633837336131653365643661306633613635373936663936303562663139
63323332653966323830383638383566396666323130336461383265623061386661613565303333
31613364316465323130653139353563386137653537386631346538323162313665623436396232
34613838656561653030663030323364623965323832623366356535396537353439616438633732
39393334663865396662626637653862663132643533356639633563306363383061343763343636
62393134643137303366313434303435653135643464353435363732313066316237313836613931
61333937623934646166383161653233663336623430326161656330386561646465656630303264
35633330616137663339386330383031323132363931313238393861633334383662656237373862
61306162613032363239303562336531663033316438613037643531396662356633356338666264
32646230326335636231643531313339623032636463636138613166393034633565653236613738
35386231373836643365396332323636323531316636373536393534646366393439326237363033
35613766353831616230613033373864323630393839383166663833616430306233633537313765
6633
